0	1.00000000	1.00000000	1.00000000	1.00000000	1.00000000	1.00000000	1.00000000	1.00000000	1.00000000
0.1	0.75182963	0.95122942	0.99183742	0.99879090	0.99983768	0.99997993	0.99999769	0.99999975	0.99999997
0.2	0.65472085	0.90483742	0.97758930	0.99532116	0.99911386	0.99984535	0.99997484	0.99999615	0.99999944
0.3	0.58388242	0.86070798	0.96002848	0.98981417	0.99764309	0.99949714	0.99989996	0.99998129	0.99999669
0.4	0.52708926	0.81873075	0.94024250	0.98247690	0.99532959	0.99885152	0.99973656	0.99994316	0.99998839
0.5	0.47950012	0.77880078	0.91889141	0.97350098	0.99212329	0.99783850	0.99944648	0.99986663	0.99996957
0.6	0.43857803	0.74081822	0.89643237	0.96306369	0.98800324	0.99640051	0.99899175	0.99973419	0.99993362
0.7	0.40278370	0.70468809	0.87320395	0.95132892	0.98296868	0.99449107	0.99833574	0.99952665	0.99987244
0.8	0.37109337	0.67032005	0.84946703	0.93844806	0.97703334	0.99207367	0.99744395	0.99922375	0.99977659
0.9	0.34278172	0.63762815	0.82542781	0.92456082	0.97022164	0.98912067	0.99628453	0.99880465	0.99963547
1	0.31731051	0.60653066	0.80125196	0.90979599	0.96256577	0.98561232	0.99482854	0.99824838	0.99943750
1.1	0.29426635	0.57694982	0.77707409	0.89427221	0.95410368	0.98153586	0.99305019	0.99753420	0.99917035
1.2	0.27332189	0.54881164	0.75300432	0.87809862	0.94487737	0.97688471	0.99092690	0.99664193	0.99882110
1.3	0.25421338	0.52204578	0.72913308	0.86137553	0.93493168	0.97165770	0.98843932	0.99555217	0.99837645
1.4	0.23672373	0.49658531	0.70553473	0.84419502	0.92431327	0.96585842	0.98557126	0.99424654	0.99782286
1.5	0.22067149	0.47236656	0.68227033	0.82664147	0.91306981	0.95949456	0.98230966	0.99270783	0.99714677
1.6	0.20590332	0.44932897	0.65938982	0.80879214	0.90124934	0.95257740	0.97864439	0.99092014	0.99633469
1.7	0.19228808	0.42741493	0.63693380	0.79071763	0.88889976	0.94512127	0.97456819	0.98886897	0.99537338
1.8	0.17971259	0.40656966	0.61493494	0.77248236	0.87606840	0.93714307	0.97007645	0.98654128	0.99424995
1.9	0.16807838	0.38674103	0.59341918	0.75414500	0.86280172	0.92866188	0.96516709	0.98392556	0.99295197
2	0.15729927	0.36787944	0.57240671	0.73575888	0.84914504	0.91969860	0.95984037	0.98101184	0.99146761
2.1	0.14729920	0.34993775	0.55191277	0.71737239	0.83514231	0.91027557	0.95409871	0.97779168	0.98978563
2.2	0.13801078	0.33287108	0.53194838	0.69902928	0.82083597	0.90041628	0.94794651	0.97425818	0.98789554
2.3	0.12937404	0.31663677	0.51252092	0.68076906	0.80626687	0.89014512	0.94139001	0.97040594	0.98578762
2.4	0.12133528	0.30119421	0.49363462	0.66262727	0.79147412	0.87948710	0.93443708	0.96623103	0.98345295
2.5	0.11384634	0.28650480	0.47529109	0.64463580	0.77649507	0.86846767	0.92709707	0.96173095	0.98088349
2.6	0.10686374	0.27253179	0.45748955	0.62682313	0.76136527	0.85711249	0.91938064	0.95690455	0.97807207
2.7	0.10034828	0.25924026	0.44022730	0.60921461	0.74611844	0.84544730	0.91129966	0.95175201	0.97501241
2.8	0.09426433	0.24659696	0.42349993	0.59183272	0.73078649	0.83349774	0.90286697	0.94627475	0.97169916
2.9	0.08857957	0.23457029	0.40730158	0.57469721	0.71539952	0.82128923	0.89409633	0.94047536	0.96812786
3	0.08326454	0.22313016	0.39162511	0.55782541	0.69998584	0.80884683	0.88500223	0.93435755	0.96429497
3.1	0.07829231	0.21224797	0.37646260	0.54123234	0.68457202	0.79619521	0.87559983	0.92792603	0.96019785
3.2	0.07363828	0.20189652	0.36180495	0.52493096	0.66918291	0.78335849	0.86590474	0.92118651	0.95583473
3.3	0.06927989	0.19204991	0.34764259	0.50893226	0.65384169	0.77036020	0.85593305	0.91414556	0.95120469
3.4	0.06519643	0.18268352	0.33396520	0.49324552	0.63856993	0.75722321	0.84570110	0.90681057	0.94630768
3.5	0.06136884	0.17377394	0.32076209	0.47787835	0.62338764	0.74396970	0.83522548	0.89918965	0.94114441
3.6	0.05777958	0.16529889	0.30802211	0.46283690	0.60831329	0.73062109	0.82452290	0.89129161	0.93571641
3.7	0.05441247	0.15723717	0.29573398	0.44812594	0.59336397	0.71719804	0.81361011	0.88312582	0.93002593
3.8	0.05125259	0.14956862	0.28388609	0.43374901	0.57855530	0.70372036	0.80250386	0.87470222	0.92407593
3.9	0.04828612	0.14227407	0.27246673	0.41970853	0.56390161	0.69020709	0.79122079	0.86603117	0.91787004
4	0.04550027	0.13533528	0.26146411	0.40600585	0.54941596	0.67667642	0.77977741	0.85712346	0.91141253
4.1	0.04288322	0.12873490	0.25086639	0.39264146	0.53511019	0.66314568	0.76819004	0.84799023	0.90470824
4.2	0.04042398	0.12245643	0.24066185	0.37961493	0.52099497	0.64963136	0.75647473	0.83864286	0.89776260
4.3	0.03811238	0.11648416	0.23083872	0.36692510	0.50707989	0.63614912	0.74464727	0.82909298	0.89058151
4.4	0.03593894	0.11080316	0.22138536	0.35457011	0.49337353	0.62271376	0.73272309	0.81935242	0.88317138
4.5	0.03389486	0.10539922	0.21229027	0.34254748	0.47988344	0.60933928	0.72071728	0.80943311	0.87553903
4.6	0.03197196	0.10025884	0.20354207	0.33085418	0.46661628	0.59603883	0.70864454	0.79934705	0.86769167
4.7	0.03016262	0.09536916	0.19512956	0.31948669	0.45357781	0.58282480	0.69651915	0.78910631	0.85963689
4.8	0.02845974	0.09071795	0.18704174	0.30844104	0.44077298	0.56970875	0.68435495	0.77872292	0.85138258
4.9	0.02685670	0.08629359	0.17926778	0.29771287	0.42820597	0.55670151	0.67216533	0.76820889	0.84293690
5	0.02534732	0.08208500	0.17179712	0.28729750	0.41588023	0.54381313	0.65996323	0.75757614	0.83430826
5.1	0.02392585	0.07808167	0.16461939	0.27718991	0.40379849	0.53105294	0.64776110	0.74683651	0.82550530
5.2	0.02258689	0.07427358	0.15772444	0.26738488	0.39196292	0.51842959	0.63557088	0.73600165	0.81653680
5.3	0.02132543	0.07065121	0.15110238	0.25787693	0.38037506	0.50595102	0.62340404	0.72508310	0.80741171
5.4	0.02013675	0.06720551	0.14474357	0.24866040	0.36903589	0.49362452	0.61127156	0.71409218	0.79813906
5.5	0.01901648	0.06392786	0.13863861	0.23972948	0.35794590	0.48145671	0.59918389	0.70304000	0.78872801
5.6	0.01796048	0.06081006	0.13277835	0.23107824	0.34710508	0.46945369	0.58715100	0.69193744	0.77918772
5.7	0.01696491	0.05784432	0.12715390	0.22270064	0.33651301	0.45762089	0.57518238	0.68079513	0.76952741
5.8	0.01602618	0.05502322	0.12175661	0.21459056	0.32616882	0.44596321	0.56328696	0.66962343	0.75975628
5.9	0.01514089	0.05233971	0.11657810	0.20674184	0.31607132	0.43448500	0.55147330	0.65843243	0.74988353
6	0.01430588	0.04978707	0.11161021	0.19914827	0.30621895	0.42319008	0.53974936	0.64723191	0.73991830
6.1	0.01351819	0.04735892	0.10684507	0.19180364	0.29660979	0.41208184	0.52812269	0.63603135	0.72986966
6.2	0.01277503	0.04504920	0.10227502	0.18470173	0.28724170	0.40116315	0.51660035	0.62483995	0.71974659
6.3	0.01207380	0.04285213	0.09789265	0.17783633	0.27811227	0.39043644	0.50518896	0.61366657	0.70955798
6.4	0.01141204	0.04076220	0.09369078	0.17120126	0.26921881	0.37990374	0.49389467	0.60251973	0.69931257
6.5	0.01078745	0.03877421	0.08966250	0.16479038	0.26055847	0.36956667	0.48272322	0.59140766	0.68901903
6.6	0.01019788	0.03688317	0.08580108	0.15859762	0.25212816	0.35942647	0.47167991	0.58033821	0.67868579
6.7	0.00964129	0.03508435	0.08210006	0.15261694	0.24392465	0.34948402	0.46076959	0.56931895	0.66832118
6.8	0.00911579	0.03337327	0.07855316	0.14684239	0.23594455	0.33973989	0.44999682	0.55835708	0.65793332
6.9	0.00861958	0.03174564	0.07515434	0.14126808	0.22818431	0.33019430	0.43936567	0.54745948	0.64753015
7	0.00815097	0.03019738	0.07189777	0.13588823	0.22064031	0.32084720	0.42887984	0.53663267	0.63711942
7.1	0.00770840	0.02872464	0.06877782	0.13069711	0.21330880	0.31169825	0.41854275	0.52588293	0.62670868
7.2	0.00729036	0.02732372	0.06578905	0.12568912	0.20618592	0.30274684	0.40835739	0.51521612	0.61630525
7.3	0.00689546	0.02599113	0.06292623	0.12085875	0.19926779	0.29399216	0.39832645	0.50463781	0.60591622
7.4	0.00652239	0.02472353	0.06018432	0.11620057	0.19255044	0.28543311	0.38845226	0.49415326	0.59554851
7.5	0.00616990	0.02351775	0.05755845	0.11170929	0.18602984	0.27706844	0.37873690	0.48376740	0.58520878
7.6	0.00583683	0.02237077	0.05504393	0.10737970	0.17970195	0.26889668	0.36918209	0.47348487	0.57490343
7.7	0.00552208	0.02127974	0.05263626	0.10320672	0.17356268	0.26091617	0.35978933	0.46330999	0.56463867
7.8	0.00522462	0.02024191	0.05033109	0.09918537	0.16760794	0.25312510	0.35055979	0.45324680	0.55442045
7.9	0.00494348	0.01925470	0.04812425	0.09531077	0.16183363	0.24552152	0.34149441	0.44329904	0.54425448
8	0.00467774	0.01831564	0.04601170	0.09157819	0.15623563	0.23810331	0.33259390	0.43347012	0.53414624
8.1	0.00442653	0.01742237	0.04398959	0.08798299	0.15080987	0.23086824	0.32385870	0.42376333	0.52410096
8.2	0.00418904	0.01657268	0.04205418	0.08452064	0.14555225	0.22381398	0.31528906	0.41418154	0.51412365
8.3	0.00396451	0.01576442	0.04020190	0.08118674	0.14045871	0.21693808	0.30688500	0.40472742	0.50421904
8.4	0.00375221	0.01499558	0.03842932	0.07797700	0.13552523	0.21023799	0.29864633	0.39540337	0.49439170
8.5	0.00355147	0.01426423	0.03673311	0.07488723	0.13074779	0.20371109	0.29057272	0.38621156	0.48464590
8.6	0.00336163	0.01356856	0.03511011	0.07191336	0.12612244	0.19735469	0.28266363	0.37715393	0.47498570
8.7	0.00318210	0.01290681	0.03355727	0.06905145	0.12164526	0.19116603	0.27491834	0.36823217	0.46541494
8.8	0.00301231	0.01227734	0.03207164	0.06629764	0.11731236	0.18514229	0.26733601	0.35944777	0.45593722
8.9	0.00285171	0.01167857	0.03065041	0.06364819	0.11311992	0.17928060	0.25991562	0.35080201	0.44655592
9	0.00269980	0.01110900	0.02929089	0.06109948	0.10906416	0.17357807	0.25265604	0.34229596	0.43727419
9.1	0.00255610	0.01056720	0.02799046	0.05864798	0.10514136	0.16803176	0.24555599	0.33393048	0.42809504
9.2	0.00242015	0.01005184	0.02674664	0.05629028	0.10134786	0.16263870	0.23861410	0.32570628	0.41902117
9.3	0.00229154	0.00956160	0.02555703	0.05402305	0.09768005	0.15739592	0.23182885	0.31762387	0.41005514
9.4	0.00216985	0.00909528	0.02441934	0.05184308	0.09413439	0.15230042	0.22519867	0.30968357	0.40119929
9.5	0.00205472	0.00865170	0.02333136	0.04974725	0.09070739	0.14734918	0.21872185	0.30188558	0.39245576
9.6	0.00194577	0.00822975	0.02229098	0.04773253	0.08739565	0.14253922	0.21239662	0.29422992	0.38382652
9.7	0.00184268	0.00782838	0.02129618	0.04579601	0.08419582	0.13786751	0.20622112	0.28671645	0.37531333
9.8	0.00174512	0.00744658	0.02034500	0.04393484	0.08110461	0.13333107	0.20019343	0.27934491	0.36691780
9.9	0.00165279	0.00708341	0.01943558	0.04214628	0.07811880	0.12892690	0.19431156	0.27211491	0.35864134
10	0.00156540	0.00673795	0.01856614	0.04042768	0.07523525	0.12465202	0.18857347	0.26502592	0.35048521
10.1	0.00148269	0.00640933	0.01773495	0.03877647	0.07245087	0.12050348	0.18297703	0.25807729	0.34245051
10.2	0.00140441	0.00609675	0.01694037	0.03719015	0.06976266	0.11647834	0.17752013	0.25126826	0.33453816
10.3	0.00133030	0.00579940	0.01618084	0.03566634	0.06716767	0.11257370	0.17220055	0.24459799	0.32674895
10.4	0.00126015	0.00551656	0.01545483	0.03420270	0.06466303	0.10878665	0.16701609	0.23806550	0.31908351
10.5	0.00119375	0.00524752	0.01476090	0.03279699	0.06224593	0.10511435	0.16196449	0.23166974	0.31154235
10.6	0.00113088	0.00499159	0.01409766	0.03144704	0.05991363	0.10155398	0.15704347	0.22540957	0.30412582
10.7	0.00107136	0.00474815	0.01346378	0.03015076	0.05766345	0.09810273	0.15225074	0.21928376	0.29683417
10.8	0.00101500	0.00451658	0.01285800	0.02890612	0.05549280	0.09475787	0.14758397	0.21329102	0.28966750
10.9	0.00096164	0.00429630	0.01227909	0.02771117	0.05339914	0.09151666	0.14304084	0.20742998	0.28262579
11	0.00091112	0.00408677	0.01172588	0.02656401	0.05137998	0.08837643	0.13861902	0.20169920	0.27570894
11.1	0.00086328	0.00388746	0.01119725	0.02546284	0.04943294	0.08533455	0.13431616	0.19609719	0.26891671
11.2	0.00081797	0.00369786	0.01069213	0.02440590	0.04755564	0.08238840	0.13012992	0.19062241	0.26224876
11.3	0.00077507	0.00351752	0.01020950	0.02339149	0.04574583	0.07953545	0.12605795	0.18527325	0.25570466
11.4	0.00073444	0.00334597	0.00974837	0.02241797	0.04400128	0.07677318	0.12209793	0.18004807	0.24928390
11.5	0.00069596	0.00318278	0.00930780	0.02148377	0.04231983	0.07409912	0.11824751	0.17494519	0.24298585
11.6	0.00065952	0.00302755	0.00888689	0.02058737	0.04069939	0.07151084	0.11450439	0.16996289	0.23680982
11.7	0.00062500	0.00287990	0.00848478	0.01972731	0.03913791	0.06900598	0.11086624	0.16509940	0.23075503
11.8	0.00059231	0.00273944	0.00810064	0.01890217	0.03763343	0.06658221	0.10733079	0.16035295	0.22482064
11.9	0.00056134	0.00260584	0.00773369	0.01811059	0.03618400	0.06423723	0.10389575	0.15572172	0.21900573
12	0.00053201	0.00247875	0.00738316	0.01735127	0.03478778	0.06196880	0.10055887	0.15120388	0.21330931
12.1	0.00050422	0.00235786	0.00704834	0.01662293	0.03344295	0.05977475	0.09731790	0.14679759	0.20773033
12.2	0.00047790	0.00224287	0.00672852	0.01592436	0.03214774	0.05765291	0.09417064	0.14250097	0.20226769
12.3	0.00045296	0.00213348	0.00642306	0.01525439	0.03090046	0.05560120	0.09111488	0.13831216	0.19692023
12.4	0.00042933	0.00202943	0.00613131	0.01461190	0.02969946	0.05361756	0.08814848	0.13422925	0.19168674
12.5	0.00040695	0.00193045	0.00585266	0.01399579	0.02854312	0.05169997	0.08526927	0.13025035	0.18656598
12.6	0.00038575	0.00183630	0.00558655	0.01340502	0.02742990	0.04984649	0.08247516	0.12637358	0.18155663
12.7	0.00036566	0.00174675	0.00533240	0.01283859	0.02635829	0.04805520	0.07976406	0.12259701	0.17665738
12.8	0.00034662	0.00166156	0.00508970	0.01229552	0.02532684	0.04632422	0.07713391	0.11891876	0.17186684
12.9	0.00032858	0.00158052	0.00485793	0.01177489	0.02433412	0.04465173	0.07458268	0.11533693	0.16718361
13	0.00031149	0.00150344	0.00463661	0.01127579	0.02337877	0.04303595	0.07210839	0.11184961	0.16260626
13.1	0.00029530	0.00143012	0.00442527	0.01079737	0.02245947	0.04147514	0.06970907	0.10845493	0.15813333
13.2	0.00027995	0.00136037	0.00422346	0.01033880	0.02157493	0.03996761	0.06738279	0.10515101	0.15376334
13.3	0.00026541	0.00129402	0.00403078	0.00989927	0.02072391	0.03851172	0.06512766	0.10193597	0.14949477
13.4	0.00025162	0.00123091	0.00384679	0.00947802	0.01990522	0.03710584	0.06294180	0.09880797	0.14532612
13.5	0.00023856	0.00117088	0.00367113	0.00907432	0.01911769	0.03574842	0.06082339	0.09576515	0.14125583
13.6	0.00022619	0.00111378	0.00350342	0.00868745	0.01836020	0.03443793	0.05877064	0.09280569	0.13728235
13.7	0.00021445	0.00105946	0.00334329	0.00831673	0.01763166	0.03317288	0.05678177	0.08992777	0.13340413
13.8	0.00020334	0.00100779	0.00319042	0.00796150	0.01693102	0.03195184	0.05485506	0.08712960	0.12961959
13.9	0.00019280	0.00095864	0.00304448	0.00762115	0.01625726	0.03077339	0.05298880	0.08440940	0.12592715
14	0.00018281	0.00091188	0.00290515	0.00729506	0.01560942	0.02963616	0.05118135	0.08176542	0.12232523
14.1	0.00017334	0.00086741	0.00277215	0.00698264	0.01498653	0.02853884	0.04943107	0.07919590	0.11881223
14.2	0.00016437	0.00082510	0.00264518	0.00668335	0.01438768	0.02748012	0.04773637	0.07669914	0.11538658
14.3	0.00015587	0.00078486	0.00252398	0.00639664	0.01381199	0.02645875	0.04609569	0.07427344	0.11204668
14.4	0.00014780	0.00074659	0.00240828	0.00612200	0.01325860	0.02547351	0.04450750	0.07191712	0.10879096
14.5	0.00014016	0.00071017	0.00229785	0.00585894	0.01272669	0.02452321	0.04297031	0.06962853	0.10561781
14.6	0.00013292	0.00067554	0.00219244	0.00560697	0.01221545	0.02360670	0.04148266	0.06740605	0.10252568
14.7	0.00012605	0.00064259	0.00209182	0.00536565	0.01172413	0.02272287	0.04004312	0.06524807	0.09951299
14.8	0.00011954	0.00061125	0.00199579	0.00513452	0.01125198	0.02187062	0.03865030	0.06315301	0.09657818
14.9	0.00011336	0.00058144	0.00190413	0.00491318	0.01079828	0.02104891	0.03730284	0.06111931	0.09371969
15	0.00010751	0.00055308	0.00181665	0.00470122	0.01036234	0.02025672	0.03599940	0.05914546	0.09093598
15.1	0.00010196	0.00052611	0.00173316	0.00449824	0.00994349	0.01949304	0.03473870	0.05722994	0.08822552
15.2	0.00009670	0.00050045	0.00165347	0.00430388	0.00954109	0.01875692	0.03351947	0.05537128	0.08558679
15.3	0.00009172	0.00047604	0.00157742	0.00411778	0.00915453	0.01804743	0.03234046	0.05356803	0.08301829
15.4	0.00008699	0.00045283	0.00150485	0.00393960	0.00878319	0.01736366	0.03120048	0.05181875	0.08051851
15.5	0.00008251	0.00043074	0.00143559	0.00376900	0.00842650	0.01670473	0.03009834	0.05012205	0.07808599
15.6	0.00007825	0.00040973	0.00136949	0.00360567	0.00808391	0.01606981	0.02903292	0.04847656	0.07571926
15.7	0.00007422	0.00038975	0.00130642	0.00344930	0.00775488	0.01545805	0.02800308	0.04688093	0.07341688
15.8	0.00007040	0.00037074	0.00124623	0.00329962	0.00743890	0.01486867	0.02700774	0.04533384	0.07117741
15.9	0.00006678	0.00035266	0.00118879	0.00315633	0.00713545	0.01430089	0.02604584	0.04383399	0.06899944
16	0.00006334	0.00033546	0.00113398	0.00301916	0.00684407	0.01375397	0.02511636	0.04238011	0.06688159
16.1	0.00006008	0.00031910	0.00108169	0.00288787	0.00656429	0.01322717	0.02421829	0.04097097	0.06482247
16.2	0.00005699	0.00030354	0.00103179	0.00276221	0.00629567	0.01271981	0.02335064	0.03960533	0.06282072
16.3	0.00005406	0.00028874	0.00098417	0.00264193	0.00603777	0.01223119	0.02251248	0.03828202	0.06087502
16.4	0.00005129	0.00027465	0.00093874	0.00252681	0.00579017	0.01176067	0.02170287	0.03699986	0.05898403
16.5	0.00004865	0.00026126	0.00089539	0.00241664	0.00555249	0.01130760	0.02092091	0.03575772	0.05714647
16.6	0.00004615	0.00024852	0.00085404	0.00231121	0.00532434	0.01087137	0.02016574	0.03455448	0.05536105
16.7	0.00004378	0.00023640	0.00081458	0.00221031	0.00510534	0.01045139	0.01943649	0.03338905	0.05362652
16.8	0.00004153	0.00022487	0.00077693	0.00211375	0.00489514	0.01004707	0.01873235	0.03226037	0.05194164
16.9	0.00003940	0.00021390	0.00074101	0.00202136	0.00469341	0.00965787	0.01805251	0.03116738	0.05030519
17	0.00003738	0.00020347	0.00070674	0.00193295	0.00449980	0.00928324	0.01739618	0.03010908	0.04871598
17.1	0.00003546	0.00019355	0.00067405	0.00184836	0.00431400	0.00892267	0.01676262	0.02908447	0.04717282
17.2	0.00003364	0.00018411	0.00064286	0.00176742	0.00413570	0.00857565	0.01615108	0.02809258	0.04567457
17.3	0.00003192	0.00017513	0.00061311	0.00168997	0.00396462	0.00824169	0.01556085	0.02713246	0.04422010
17.4	0.00003028	0.00016659	0.00058472	0.00161588	0.00380046	0.00792032	0.01499123	0.02620320	0.04280828
17.5	0.00002873	0.00015846	0.00055764	0.00154500	0.00364295	0.00761110	0.01444155	0.02530388	0.04143803
17.6	0.00002726	0.00015073	0.00053181	0.00147718	0.00349184	0.00731357	0.01391115	0.02443363	0.04010828
17.7	0.00002586	0.00014338	0.00050717	0.00141231	0.00334687	0.00702732	0.01339941	0.02359159	0.03881797
17.8	0.00002454	0.00013639	0.00048366	0.00135025	0.00320779	0.00675193	0.01290570	0.02277693	0.03756608
17.9	0.00002328	0.00012974	0.00046124	0.00129088	0.00307438	0.00648702	0.01242942	0.02198882	0.03635160
18	0.00002209	0.00012341	0.00043985	0.00123410	0.00294640	0.00623220	0.01197000	0.02122649	0.03517354
18.1	0.00002096	0.00011739	0.00041945	0.00117978	0.00282365	0.00598709	0.01152688	0.02048914	0.03403093
18.2	0.00001989	0.00011167	0.00039999	0.00112782	0.00270592	0.00575135	0.01109950	0.01977603	0.03292282
18.3	0.00001887	0.00010622	0.00038142	0.00107813	0.00259299	0.00552462	0.01068735	0.01908643	0.03184829
18.4	0.00001791	0.00010104	0.00036372	0.00103060	0.00248470	0.00530659	0.01028990	0.01841962	0.03080643
18.5	0.00001699	0.00009611	0.00034683	0.00098514	0.00238084	0.00509692	0.00990666	0.01777490	0.02979634
18.6	0.00001612	0.00009142	0.00033072	0.00094167	0.00228124	0.00489531	0.00953716	0.01715160	0.02881717
18.7	0.00001530	0.00008697	0.00031536	0.00090009	0.00218573	0.00470146	0.00918092	0.01654905	0.02786806
18.8	0.00001452	0.00008272	0.00030070	0.00086033	0.00209415	0.00451508	0.00883749	0.01596663	0.02694819
18.9	0.00001378	0.00007869	0.00028673	0.00082231	0.00200633	0.00433589	0.00850644	0.01540369	0.02605673
19	0.00001307	0.00007485	0.00027340	0.00078594	0.00192214	0.00416363	0.00818734	0.01485965	0.02519290
19.1	0.00001240	0.00007120	0.00026069	0.00075117	0.00184141	0.00399804	0.00787978	0.01433390	0.02435592
19.2	0.00001177	0.00006773	0.00024856	0.00071792	0.00176402	0.00383886	0.00758337	0.01382587	0.02354503
19.3	0.00001117	0.00006443	0.00023700	0.00068613	0.00168982	0.00368587	0.00729772	0.01333501	0.02275951
19.4	0.00001060	0.00006128	0.00022597	0.00065573	0.00161869	0.00353882	0.00702246	0.01286078	0.02199862
19.5	0.00001006	0.00005829	0.00021545	0.00062667	0.00155051	0.00339749	0.00675723	0.01240265	0.02126166
19.6	0.00000955	0.00005545	0.00020542	0.00059888	0.00148515	0.00326166	0.00650168	0.01196010	0.02054795
19.7	0.00000906	0.00005275	0.00019586	0.00057231	0.00142250	0.00313114	0.00625547	0.01153264	0.01985681
19.8	0.00000860	0.00005017	0.00018674	0.00054690	0.00136245	0.00300571	0.00601827	0.01111979	0.01918760
19.9	0.00000816	0.00004773	0.00017804	0.00052262	0.00130489	0.00288520	0.00578978	0.01072108	0.01853967
20	0.00000774	0.00004540	0.00016974	0.00049940	0.00124973	0.00276940	0.00556968	0.01033605	0.01791240
20.1	0.00000735	0.00004319	0.00016183	0.00047720	0.00119686	0.00265814	0.00535769	0.00996427	0.01730520
20.2	0.00000698	0.00004108	0.00015429	0.00045598	0.00114620	0.00255125	0.00515351	0.00960530	0.01671746
20.3	0.00000662	0.00003908	0.00014710	0.00043570	0.00109764	0.00244856	0.00495687	0.00925873	0.01614861
20.4	0.00000628	0.00003717	0.00014024	0.00041631	0.00105111	0.00234991	0.00476750	0.00892415	0.01559810
20.5	0.00000596	0.00003536	0.00013369	0.00039777	0.00100653	0.00225515	0.00458514	0.00860117	0.01506537
20.6	0.00000566	0.00003363	0.00012746	0.00038005	0.00096380	0.00216412	0.00440955	0.00828942	0.01454990
20.7	0.00000537	0.00003199	0.00012151	0.00036312	0.00092287	0.00207669	0.00424049	0.00798852	0.01405117
20.8	0.00000510	0.00003043	0.00011584	0.00034693	0.00088364	0.00199272	0.00407772	0.00769812	0.01356867
20.9	0.00000484	0.00002895	0.00011043	0.00033146	0.00084606	0.00191207	0.00392101	0.00741787	0.01310191
21	0.00000459	0.00002754	0.00010528	0.00031667	0.00081006	0.00183462	0.00377015	0.00714743	0.01265042
21.1	0.00000436	0.00002619	0.00010036	0.00030253	0.00077557	0.00176023	0.00362493	0.00688648	0.01221373
21.2	0.00000414	0.00002492	0.00009567	0.00028903	0.00074252	0.00168881	0.00348515	0.00663470	0.01179139
21.3	0.00000393	0.00002370	0.00009120	0.00027611	0.00071086	0.00162022	0.00335060	0.00639179	0.01138296
21.4	0.00000373	0.00002254	0.00008694	0.00026378	0.00068053	0.00155436	0.00322111	0.00615745	0.01098802
21.5	0.00000354	0.00002145	0.00008288	0.00025198	0.00065148	0.00149113	0.00309649	0.00593139	0.01060614
21.6	0.00000336	0.00002040	0.00007900	0.00024071	0.00062366	0.00143041	0.00297655	0.00571333	0.01023692
21.7	0.00000319	0.00001940	0.00007531	0.00022994	0.00059700	0.00137212	0.00286114	0.00550301	0.00987997
21.8	0.00000303	0.00001846	0.00007179	0.00021965	0.00057147	0.00131616	0.00275009	0.00530016	0.00953491
21.9	0.00000287	0.00001756	0.00006843	0.00020982	0.00054702	0.00126244	0.00264323	0.00510452	0.00920137
22	0.00000273	0.00001670	0.00006523	0.00020042	0.00052360	0.00121087	0.00254041	0.00491587	0.00887898
22.1	0.00000259	0.00001589	0.00006218	0.00019144	0.00050117	0.00116137	0.00244150	0.00473395	0.00856739
22.2	0.00000246	0.00001511	0.00005927	0.00018286	0.00047969	0.00111385	0.00234633	0.00455853	0.00826628
22.3	0.00000233	0.00001438	0.00005650	0.00017466	0.00045911	0.00106825	0.00225479	0.00438941	0.00797529
22.4	0.00000221	0.00001367	0.00005385	0.00016683	0.00043941	0.00102447	0.00216672	0.00422635	0.00769412
22.5	0.00000210	0.00001301	0.00005133	0.00015934	0.00042055	0.00098246	0.00208201	0.00406915	0.00742245
22.6	0.00000199	0.00001237	0.00004893	0.00015219	0.00040248	0.00094214	0.00200054	0.00391761	0.00715998
22.7	0.00000189	0.00001177	0.00004664	0.00014535	0.00038518	0.00090344	0.00192217	0.00377154	0.00690641
22.8	0.00000180	0.00001120	0.00004445	0.00013882	0.00036861	0.00086631	0.00184680	0.00363074	0.00666146
22.9	0.00000171	0.00001065	0.00004237	0.00013259	0.00035275	0.00083067	0.00177431	0.00349504	0.00642485
23	0.00000162	0.00001013	0.00004038	0.00012663	0.00033757	0.00079648	0.00170461	0.00336425	0.00619632
23.1	0.00000154	0.00000964	0.00003849	0.00012093	0.00032303	0.00076367	0.00163758	0.00323820	0.00597560
23.2	0.00000146	0.00000917	0.00003669	0.00011549	0.00030910	0.00073219	0.00157312	0.00311674	0.00576243
23.3	0.00000139	0.00000872	0.00003497	0.00011030	0.00029578	0.00070198	0.00151114	0.00299969	0.00555658
23.4	0.00000132	0.00000829	0.00003333	0.00010533	0.00028301	0.00067300	0.00145155	0.00288692	0.00535781
23.5	0.00000125	0.00000789	0.00003176	0.00010059	0.00027080	0.00064520	0.00139426	0.00277825	0.00516588
23.6	0.00000119	0.00000750	0.00003027	0.00009606	0.00025910	0.00061853	0.00133918	0.00267356	0.00498057
23.7	0.00000113	0.00000714	0.00002885	0.00009173	0.00024791	0.00059294	0.00128623	0.00257270	0.00480167
23.8	0.00000107	0.00000679	0.00002750	0.00008760	0.00023719	0.00056839	0.00123532	0.00247554	0.00462896
23.9	0.00000101	0.00000646	0.00002621	0.00008365	0.00022693	0.00054484	0.00118639	0.00238195	0.00446224
24	0.00000096	0.00000614	0.00002498	0.00007987	0.00021711	0.00052226	0.00113935	0.00229179	0.00430131
24.1	0.00000091	0.00000584	0.00002381	0.00007627	0.00020771	0.00050059	0.00109414	0.00220495	0.00414598
24.2	0.00000087	0.00000556	0.00002269	0.00007283	0.00019872	0.00047981	0.00105069	0.00212132	0.00399607
24.3	0.00000082	0.00000529	0.00002162	0.00006954	0.00019011	0.00045988	0.00100892	0.00204077	0.00385138
24.4	0.00000078	0.00000503	0.00002061	0.00006640	0.00018186	0.00044077	0.00096878	0.00196319	0.00371176
24.5	0.00000074	0.00000479	0.00001964	0.00006340	0.00017397	0.00042244	0.00093021	0.00188849	0.00357703
24.6	0.00000071	0.00000455	0.00001872	0.00006054	0.00016642	0.00040485	0.00089314	0.00181655	0.00344703
24.7	0.00000067	0.00000433	0.00001784	0.00005780	0.00015920	0.00038799	0.00085752	0.00174729	0.00332159
24.8	0.00000064	0.00000412	0.00001700	0.00005519	0.00015228	0.00037183	0.00082329	0.00168059	0.00320057
24.9	0.00000060	0.00000392	0.00001620	0.00005269	0.00014567	0.00035632	0.00079040	0.00161638	0.00308381
25	0.00000057	0.00000373	0.00001544	0.00005031	0.00013933	0.00034145	0.00075880	0.00155456	0.00297118
25.1	0.00000054	0.00000354	0.00001471	0.00004803	0.00013327	0.00032720	0.00072844	0.00149504	0.00286253
25.2	0.00000052	0.00000337	0.00001402	0.00004586	0.00012747	0.00031353	0.00069927	0.00143775	0.00275773
25.3	0.00000049	0.00000321	0.00001336	0.00004378	0.00012192	0.00030042	0.00067124	0.00138259	0.00265664
25.4	0.00000047	0.00000305	0.00001274	0.00004180	0.00011661	0.00028786	0.00064432	0.00132950	0.00255915
25.5	0.00000044	0.00000290	0.00001214	0.00003991	0.00011153	0.00027581	0.00061846	0.00127840	0.00246512
25.6	0.00000042	0.00000276	0.00001157	0.00003810	0.00010667	0.00026426	0.00059362	0.00122922	0.00237444
25.7	0.00000040	0.00000263	0.00001102	0.00003637	0.00010202	0.00025319	0.00056975	0.00118189	0.00228700
25.8	0.00000038	0.00000250	0.00001050	0.00003472	0.00009757	0.00024257	0.00054683	0.00113633	0.00220268
25.9	0.00000036	0.00000238	0.00001001	0.00003315	0.00009331	0.00023240	0.00052481	0.00109249	0.00212138
26	0.00000034	0.00000226	0.00000954	0.00003164	0.00008924	0.00022264	0.00050367	0.00105030	0.00204299
26.1	0.00000032	0.00000215	0.00000909	0.00003021	0.00008534	0.00021329	0.00048336	0.00100970	0.00196741
26.2	0.00000031	0.00000205	0.00000866	0.00002884	0.00008161	0.00020433	0.00046386	0.00097064	0.00189455
26.3	0.00000029	0.00000195	0.00000825	0.00002753	0.00007804	0.00019574	0.00044512	0.00093305	0.00182431
26.4	0.00000028	0.00000185	0.00000786	0.00002628	0.00007463	0.00018750	0.00042714	0.00089689	0.00175660
26.5	0.00000026	0.00000176	0.00000749	0.00002508	0.00007136	0.00017961	0.00040986	0.00086210	0.00169134
26.6	0.00000025	0.00000167	0.00000714	0.00002395	0.00006824	0.00017205	0.00039328	0.00082862	0.00162843
26.7	0.00000024	0.00000159	0.00000680	0.00002286	0.00006525	0.00016480	0.00037735	0.00079642	0.00156780
26.8	0.00000023	0.00000152	0.00000648	0.00002182	0.00006239	0.00015785	0.00036206	0.00076545	0.00150936
26.9	0.00000021	0.00000144	0.00000618	0.00002083	0.00005966	0.00015119	0.00034738	0.00073565	0.00145304
27	0.00000020	0.00000137	0.00000589	0.00001988	0.00005704	0.00014481	0.00033328	0.00070699	0.00139877
27.1	0.00000019	0.00000130	0.00000561	0.00001897	0.00005454	0.00013869	0.00031975	0.00067942	0.00134647
27.2	0.00000018	0.00000124	0.00000535	0.00001811	0.00005215	0.00013283	0.00030675	0.00065290	0.00129607
27.3	0.00000017	0.00000118	0.00000509	0.00001729	0.00004986	0.00012722	0.00029428	0.00062740	0.00124751
27.4	0.00000017	0.00000112	0.00000485	0.00001650	0.00004767	0.00012184	0.00028230	0.00060287	0.00120073
27.5	0.00000016	0.00000107	0.00000462	0.00001575	0.00004558	0.00011668	0.00027081	0.00057928	0.00115565
27.6	0.00000015	0.00000102	0.00000441	0.00001503	0.00004357	0.00011174	0.00025977	0.00055660	0.00111222
27.7	0.00000014	0.00000097	0.00000420	0.00001435	0.00004166	0.00010701	0.00024918	0.00053479	0.00107039
27.8	0.00000013	0.00000092	0.00000400	0.00001369	0.00003983	0.00010247	0.00023902	0.00051381	0.00103008
27.9	0.00000013	0.00000087	0.00000381	0.00001307	0.00003807	0.00009813	0.00022926	0.00049364	0.00099126
28	0.00000012	0.00000083	0.00000363	0.00001247	0.00003640	0.00009396	0.00021989	0.00047425	0.00095387
28.1	0.00000012	0.00000079	0.00000346	0.00001190	0.00003480	0.00008997	0.00021090	0.00045560	0.00091785
28.2	0.00000011	0.00000075	0.00000330	0.00001136	0.00003326	0.00008615	0.00020228	0.00043768	0.00088316
28.3	0.00000010	0.00000072	0.00000314	0.00001084	0.00003180	0.00008249	0.00019400	0.00042044	0.00084974
28.4	0.00000010	0.00000068	0.00000299	0.00001035	0.00003040	0.00007899	0.00018605	0.00040387	0.00081757
28.5	0.00000009	0.00000065	0.00000285	0.00000988	0.00002906	0.00007563	0.00017843	0.00038794	0.00078658
28.6	0.00000009	0.00000062	0.00000272	0.00000942	0.00002778	0.00007241	0.00017111	0.00037263	0.00075674
28.7	0.00000008	0.00000059	0.00000259	0.00000899	0.00002655	0.00006933	0.00016409	0.00035791	0.00072800
28.8	0.00000008	0.00000056	0.00000247	0.00000858	0.00002538	0.00006637	0.00015735	0.00034377	0.00070033
28.9	0.00000008	0.00000053	0.00000235	0.00000819	0.00002426	0.00006355	0.00015089	0.00033017	0.00067369
29	0.00000007	0.00000050	0.00000224	0.00000782	0.00002319	0.00006084	0.00014469	0.00031710	0.00064804
29.1	0.00000007	0.00000048	0.00000213	0.00000746	0.00002216	0.00005824	0.00013874	0.00030454	0.00062334
29.2	0.00000007	0.00000046	0.00000203	0.00000712	0.00002118	0.00005576	0.00013303	0.00029246	0.00059957
29.3	0.00000006	0.00000043	0.00000194	0.00000679	0.00002025	0.00005338	0.00012755	0.00028086	0.00057668
29.4	0.00000006	0.00000041	0.00000185	0.00000648	0.00001935	0.00005110	0.00012229	0.00026971	0.00055465
29.5	0.00000006	0.00000039	0.00000176	0.00000619	0.00001850	0.00004891	0.00011725	0.00025899	0.00053343
29.6	0.00000005	0.00000037	0.00000168	0.00000590	0.00001768	0.00004682	0.00011241	0.00024870	0.00051302
29.7	0.00000005	0.00000036	0.00000160	0.00000563	0.00001690	0.00004482	0.00010778	0.00023880	0.00049336
29.8	0.00000005	0.00000034	0.00000152	0.00000538	0.00001615	0.00004290	0.00010332	0.00022929	0.00047445
29.9	0.00000005	0.00000032	0.00000145	0.00000513	0.00001543	0.00004107	0.00009905	0.00022016	0.00045624
30	0.00000004	0.00000031	0.00000138	0.00000489	0.00001475	0.00003931	0.00009496	0.00021138	0.00043872
30.1	0.00000004	0.00000029	0.00000131	0.00000467	0.00001409	0.00003762	0.00009103	0.00020294	0.00042186
30.2	0.00000004	0.00000028	0.00000125	0.00000446	0.00001347	0.00003601	0.00008726	0.00019484	0.00040563
30.3	0.00000004	0.00000026	0.00000119	0.00000425	0.00001287	0.00003447	0.00008365	0.00018706	0.00039001
30.4	0.00000004	0.00000025	0.00000114	0.00000406	0.00001230	0.00003299	0.00008018	0.00017958	0.00037499
30.5	0.00000003	0.00000024	0.00000108	0.00000387	0.00001176	0.00003157	0.00007686	0.00017239	0.00036053
30.6	0.00000003	0.00000023	0.00000103	0.00000369	0.00001123	0.00003022	0.00007367	0.00016549	0.00034661
30.7	0.00000003	0.00000022	0.00000098	0.00000352	0.00001074	0.00002892	0.00007061	0.00015886	0.00033323
30.8	0.00000003	0.00000021	0.00000094	0.00000336	0.00001026	0.00002768	0.00006768	0.00015250	0.00032035
30.9	0.00000003	0.00000020	0.00000089	0.00000321	0.00000980	0.00002649	0.00006487	0.00014638	0.00030795
31	0.00000003	0.00000019	0.00000085	0.00000306	0.00000937	0.00002535	0.00006217	0.00014050	0.00029603
31.1	0.00000002	0.00000018	0.00000081	0.00000292	0.00000895	0.00002426	0.00005959	0.00013486	0.00028456
31.2	0.00000002	0.00000017	0.00000077	0.00000279	0.00000855	0.00002321	0.00005711	0.00012944	0.00027353
31.3	0.00000002	0.00000016	0.00000073	0.00000266	0.00000817	0.00002222	0.00005473	0.00012423	0.00026292
31.4	0.00000002	0.00000015	0.00000070	0.00000254	0.00000781	0.00002126	0.00005245	0.00011924	0.00025271
31.5	0.00000002	0.00000014	0.00000067	0.00000242	0.00000746	0.00002034	0.00005027	0.00011443	0.00024288
31.6	0.00000002	0.00000014	0.00000064	0.00000231	0.00000713	0.00001947	0.00004817	0.00010982	0.00023344
31.7	0.00000002	0.00000013	0.00000061	0.00000220	0.00000681	0.00001863	0.00004616	0.00010540	0.00022435
31.8	0.00000002	0.00000012	0.00000058	0.00000210	0.00000651	0.00001782	0.00004423	0.00010114	0.00021562
31.9	0.00000002	0.00000012	0.00000055	0.00000201	0.00000622	0.00001705	0.00004239	0.00009706	0.00020721
32	0.00000002	0.00000011	0.00000052	0.00000191	0.00000594	0.00001632	0.00004062	0.00009314	0.00019913
32.1	0.00000001	0.00000011	0.00000050	0.00000183	0.00000568	0.00001561	0.00003892	0.00008938	0.00019136
32.2	0.00000001	0.00000010	0.00000047	0.00000174	0.00000542	0.00001494	0.00003729	0.00008576	0.00018388
32.3	0.00000001	0.00000010	0.00000045	0.00000166	0.00000518	0.00001429	0.00003573	0.00008229	0.00017669
32.4	0.00000001	0.00000009	0.00000043	0.00000158	0.00000495	0.00001367	0.00003423	0.00007896	0.00016978
32.5	0.00000001	0.00000009	0.00000041	0.00000151	0.00000473	0.00001308	0.00003280	0.00007576	0.00016314
32.6	0.00000001	0.00000008	0.00000039	0.00000144	0.00000452	0.00001252	0.00003143	0.00007269	0.00015674
32.7	0.00000001	0.00000008	0.00000037	0.00000138	0.00000432	0.00001198	0.00003011	0.00006974	0.00015060
32.8	0.00000001	0.00000008	0.00000035	0.00000131	0.00000412	0.00001146	0.00002885	0.00006691	0.00014469
32.9	0.00000001	0.00000007	0.00000034	0.00000125	0.00000394	0.00001096	0.00002764	0.00006420	0.00013901
33	0.00000001	0.00000007	0.00000032	0.00000119	0.00000376	0.00001049	0.00002648	0.00006159	0.00013355
33.1	0.00000001	0.00000006	0.00000031	0.00000114	0.00000360	0.00001003	0.00002536	0.00005908	0.00012830
33.2	0.00000001	0.00000006	0.00000029	0.00000109	0.00000343	0.00000960	0.00002430	0.00005668	0.00012326
33.3	0.00000001	0.00000006	0.00000028	0.00000104	0.00000328	0.00000918	0.00002328	0.00005437	0.00011840
33.4	0.00000001	0.00000006	0.00000027	0.00000099	0.00000313	0.00000878	0.00002230	0.00005216	0.00011374
33.5	0.00000001	0.00000005	0.00000025	0.00000094	0.00000299	0.00000840	0.00002136	0.00005004	0.00010926
33.6	0.00000001	0.00000005	0.00000024	0.00000090	0.00000286	0.00000804	0.00002046	0.00004800	0.00010495
33.7	0.00000001	0.00000005	0.00000023	0.00000086	0.00000273	0.00000769	0.00001960	0.00004604	0.00010081
33.8	0.00000001	0.00000005	0.00000022	0.00000082	0.00000261	0.00000735	0.00001877	0.00004416	0.00009683
33.9	0.00000001	0.00000004	0.00000021	0.00000078	0.00000249	0.00000703	0.00001798	0.00004236	0.00009300
34	0.00000001	0.00000004	0.00000020	0.00000075	0.00000238	0.00000673	0.00001722	0.00004063	0.00008932
34.1	0.00000001	0.00000004	0.00000019	0.00000071	0.00000227	0.00000643	0.00001650	0.00003897	0.00008579
34.2	0.00000000	0.00000004	0.00000018	0.00000068	0.00000217	0.00000615	0.00001580	0.00003737	0.00008239
34.3	0.00000000	0.00000004	0.00000017	0.00000065	0.00000207	0.00000589	0.00001513	0.00003584	0.00007913
34.4	0.00000000	0.00000003	0.00000016	0.00000062	0.00000198	0.00000563	0.00001450	0.00003438	0.00007599
34.5	0.00000000	0.00000003	0.00000016	0.00000059	0.00000189	0.00000539	0.00001388	0.00003297	0.00007298
34.6	0.00000000	0.00000003	0.00000015	0.00000056	0.00000181	0.00000515	0.00001330	0.00003162	0.00007008
34.7	0.00000000	0.00000003	0.00000014	0.00000054	0.00000173	0.00000493	0.00001273	0.00003032	0.00006730
34.8	0.00000000	0.00000003	0.00000013	0.00000051	0.00000165	0.00000471	0.00001220	0.00002908	0.00006462
34.9	0.00000000	0.00000003	0.00000013	0.00000049	0.00000158	0.00000451	0.00001168	0.00002788	0.00006205
